{
  "K": [
    [
      128.00000000000003,
      0.0,
      128.0
    ],
    [
      0.0,
      128.00000000000003,
      128.0
    ],
    [
      0.0,
      0.0,
      1.0
    ]
  ],
  "width": 256,
  "height": 256,
  "fov_deg": 90,
  "cameras": [
    {
      "kf_id": 0,
      "view": "front",
      "image": "frame_0000_front.jpg",
      "R_cw": [
        [
          1.0,
          0.0,
          0.0
        ],
        [
          0.0,
          1.0,
          0.0
        ],
        [
          0.0,
          0.0,
          1.0
        ]
      ],
      "t_cw": [
        0.0,
        0.0,
        0.0
      ],
      "K": [
        [
          128.00000000000003,
          0.0,
          128.0
        ],
        [
          0.0,
          128.00000000000003,
          128.0
        ],
        [
          0.0,
          0.0,
          1.0
        ]
      ],
      "width": 256,
      "height": 256,
      "fx": 128.00000000000003,
      "fy": 128.00000000000003,
      "cx": 128.0,
      "cy": 128.0
    },
    {
      "kf_id": 0,
      "view": "right",
      "image": "frame_0000_right.jpg",
      "R_cw": [
        [
          6.123233995736766e-17,
          0.0,
          1.0
        ],
        [
          0.0,
          1.0,
          0.0
        ],
        [
          -1.0,
          0.0,
          6.123233995736766e-17
        ]
      ],
      "t_cw": [
        0.0,
        0.0,
        0.0
      ],
      "K": [
        [
          128.00000000000003,
          0.0,
          128.0
        ],
        [
          0.0,
          128.00000000000003,
          128.0
        ],
        [
          0.0,
          0.0,
          1.0
        ]
      ],
      "width": 256,
      "height": 256,
      "fx": 128.00000000000003,
      "fy": 128.00000000000003,
      "cx": 128.0,
      "cy": 128.0
    },
    {
      "kf_id": 0,
      "view": "back",
      "image": "frame_0000_back.jpg",
      "R_cw": [
        [
          -1.0,
          0.0,
          1.2246467991473532e-16
        ],
        [
          0.0,
          1.0,
          0.0
        ],
        [
          -1.2246467991473532e-16,
          0.0,
          -1.0
        ]
      ],
      "t_cw": [
        0.0,
        0.0,
        0.0
      ],
      "K": [
        [
          128.00000000000003,
          0.0,
          128.0
        ],
        [
          0.0,
          128.00000000000003,
          128.0
        ],
        [
          0.0,
          0.0,
          1.0
        ]
      ],
      "width": 256,
      "height": 256,
      "fx": 128.00000000000003,
      "fy": 128.00000000000003,
      "cx": 128.0,
      "cy": 128.0
    },
    {
      "kf_id": 0,
      "view": "left",
      "image": "frame_0000_left.jpg",
      "R_cw": [
        [
          -1.8369701987210297e-16,
          0.0,
          -1.0
        ],
        [
          0.0,
          1.0,
          0.0
        ],
        [
          1.0,
          0.0,
          -1.8369701987210297e-16
        ]
      ],
      "t_cw": [
        0.0,
        0.0,
        0.0
      ],
      "K": [
        [
          128.00000000000003,
          0.0,
          128.0
        ],
        [
          0.0,
          128.00000000000003,
          128.0
        ],
        [
          0.0,
          0.0,
          1.0
        ]
      ],
      "width": 256,
      "height": 256,
      "fx": 128.00000000000003,
      "fy": 128.00000000000003,
      "cx": 128.0,
      "cy": 128.0
    },
    {
      "kf_id": 1,
      "view": "front",
      "image": "frame_0001_front.jpg",
      "R_cw": [
        [
          0.9993709540134366,
          -0.0053115441661966325,
          0.035063995391915695
        ],
        [
          0.005455429352064219,
          0.9999770824259918,
          -0.004009103813298688
        ],
        [
          -0.035041897278235076,
          0.004197871052296918,
          0.9993770276095854
        ]
      ],
      "t_cw": [
        -0.000382157449340241,
        -0.00016268594286318247,
        -0.021911564437677025
      ],
      "K": [
        [
          128.00000000000003,
          0.0,
          128.0
        ],
        [
          0.0,
          128.00000000000003,
          128.0
        ],
        [
          0.0,
          0.0,
          1.0
        ]
      ],
      "width": 256,
      "height": 256,
      "fx": 128.00000000000003,
      "fy": 128.00000000000003,
      "cx": 128.0,
      "cy": 128.0
    },
    {
      "kf_id": 1,
      "view": "right",
      "image": "frame_0001_right.jpg",
      "R_cw": [
        [
          -0.035041897278235014,
          0.004197871052296918,
          0.9993770276095854
        ],
        [
          0.005455429352064219,
          0.9999770824259918,
          -0.004009103813298688
        ],
        [
          -0.9993709540134366,
          0.0053115441661966325,
          -0.03506399539191563
        ]
      ],
      "t_cw": [
        -0.000382157449340241,
        -0.00016268594286318247,
        -0.021911564437677025
      ],
      "K": [
        [
          128.00000000000003,
          0.0,
          128.0
        ],
        [
          0.0,
          128.00000000000003,
          128.0
        ],
        [
          0.0,
          0.0,
          1.0
        ]
      ],
      "width": 256,
      "height": 256,
      "fx": 128.00000000000003,
      "fy": 128.00000000000003,
      "cx": 128.0,
      "cy": 128.0
    },
    {
      "kf_id": 1,
      "view": "back",
      "image": "frame_0001_back.jpg",
      "R_cw": [
        [
          -0.9993709540134366,
          0.005311544166196633,
          -0.03506399539191557
        ],
        [
          0.005455429352064219,
          0.9999770824259918,
          -0.004009103813298688
        ],
        [
          0.03504189727823495,
          -0.004197871052296917,
          -0.9993770276095854
        ]
      ],
      "t_cw": [
        -0.000382157449340241,
        -0.00016268594286318247,
        -0.021911564437677025
      ],
      "K": [
        [
          128.00000000000003,
          0.0,
          128.0
        ],
        [
          0.0,
          128.00000000000003,
          128.0
        ],
        [
          0.0,
          0.0,
          1.0
        ]
      ],
      "width": 256,
      "height": 256,
      "fx": 128.00000000000003,
      "fy": 128.00000000000003,
      "cx": 128.0,
      "cy": 128.0
    },
    {
      "kf_id": 1,
      "view": "left",
      "image": "frame_0001_left.jpg",
      "R_cw": [
        [
          0.035041897278234896,
          -0.004197871052296917,
          -0.9993770276095854
        ],
        [
          0.005455429352064219,
          0.9999770824259918,
          -0.004009103813298688
        ],
        [
          0.9993709540134366,
          -0.005311544166196633,
          0.035063995391915515
        ]
      ],
      "t_cw": [
        -0.000382157449340241,
        -0.00016268594286318247,
        -0.021911564437677025
      ],
      "K": [
        [
          128.00000000000003,
          0.0,
          128.0
        ],
        [
          0.0,
          128.00000000000003,
          128.0
        ],
        [
          0.0,
          0.0,
          1.0
        ]
      ],
      "width": 256,
      "height": 256,
      "fx": 128.00000000000003,
      "fy": 128.00000000000003,
      "cx": 128.0,
      "cy": 128.0
    },
    {
      "kf_id": 2,
      "view": "front",
      "image": "frame_0002_front.jpg",
      "R_cw": [
        [
          0.9954391280988961,
          3.413110241741999e-05,
          0.09539885263868388
        ],
        [
          0.0005565212032371521,
          0.9999808426706135,
          -0.0061647851479202185
        ],
        [
          -0.09539723546235405,
          0.0061897598368206505,
          0.9954200391489527
        ]
      ],
      "t_cw": [
        -0.004225086795840586,
        -0.0004395607080741476,
        -0.06503031335864681
      ],
      "K": [
        [
          128.00000000000003,
          0.0,
          128.0
        ],
        [
          0.0,
          128.00000000000003,
          128.0
        ],
        [
          0.0,
          0.0,
          1.0
        ]
      ],
      "width": 256,
      "height": 256,
      "fx": 128.00000000000003,
      "fy": 128.00000000000003,
      "cx": 128.0,
      "cy": 128.0
    },
    {
      "kf_id": 2,
      "view": "right",
      "image": "frame_0002_right.jpg",
      "R_cw": [
        [
          -0.095397235462354,
          0.0061897598368206505,
          0.9954200391489527
        ],
        [
          0.0005565212032371521,
          0.9999808426706135,
          -0.0061647851479202185
        ],
        [
          -0.9954391280988961,
          -3.413110241741961e-05,
          -0.09539885263868382
        ]
      ],
      "t_cw": [
        -0.004225086795840586,
        -0.0004395607080741476,
        -0.06503031335864681
      ],
      "K": [
        [
          128.00000000000003,
          0.0,
          128.0
        ],
        [
          0.0,
          128.00000000000003,
          128.0
        ],
        [
          0.0,
          0.0,
          1.0
        ]
      ],
      "width": 256,
      "height": 256,
      "fx": 128.00000000000003,
      "fy": 128.00000000000003,
      "cx": 128.0,
      "cy": 128.0
    },
    {
      "kf_id": 2,
      "view": "back",
      "image": "frame_0002_back.jpg",
      "R_cw": [
        [
          -0.9954391280988961,
          -3.4131102417419234e-05,
          -0.09539885263868375
        ],
        [
          0.0005565212032371521,
          0.9999808426706135,
          -0.0061647851479202185
        ],
        [
          0.09539723546235393,
          -0.0061897598368206505,
          -0.9954200391489527
        ]
      ],
      "t_cw": [
        -0.004225086795840586,
        -0.0004395607080741476,
        -0.06503031335864681
      ],
      "K": [
        [
          128.00000000000003,
          0.0,
          128.0
        ],
        [
          0.0,
          128.00000000000003,
          128.0
        ],
        [
          0.0,
          0.0,
          1.0
        ]
      ],
      "width": 256,
      "height": 256,
      "fx": 128.00000000000003,
      "fy": 128.00000000000003,
      "cx": 128.0,
      "cy": 128.0
    },
    {
      "kf_id": 2,
      "view": "left",
      "image": "frame_0002_left.jpg",
      "R_cw": [
        [
          0.09539723546235387,
          -0.0061897598368206505,
          -0.9954200391489527
        ],
        [
          0.0005565212032371521,
          0.9999808426706135,
          -0.0061647851479202185
        ],
        [
          0.9954391280988961,
          3.4131102417418854e-05,
          0.0953988526386837
        ]
      ],
      "t_cw": [
        -0.004225086795840586,
        -0.0004395607080741476,
        -0.06503031335864681
      ],
      "K": [
        [
          128.00000000000003,
          0.0,
          128.0
        ],
        [
          0.0,
          128.00000000000003,
          128.0
        ],
        [
          0.0,
          0.0,
          1.0
        ]
      ],
      "width": 256,
      "height": 256,
      "fx": 128.00000000000003,
      "fy": 128.00000000000003,
      "cx": 128.0,
      "cy": 128.0
    },
    {
      "kf_id": 3,
      "view": "front",
      "image": "frame_0003_front.jpg",
      "R_cw": [
        [
          0.9957856870344574,
          0.006400365449251914,
          0.09148716204708572
        ],
        [
          -0.005439827830444965,
          0.9999274776316642,
          -0.010744661481537687
        ],
        [
          -0.09154929694153209,
          0.010201705705113511,
          0.9957482871841746
        ]
      ],
      "t_cw": [
        -0.005394368392712328,
        -0.0004888296707268781,
        -0.10781211834899304
      ],
      "K": [
        [
          128.00000000000003,
          0.0,
          128.0
        ],
        [
          0.0,
          128.00000000000003,
          128.0
        ],
        [
          0.0,
          0.0,
          1.0
        ]
      ],
      "width": 256,
      "height": 256,
      "fx": 128.00000000000003,
      "fy": 128.00000000000003,
      "cx": 128.0,
      "cy": 128.0
    },
    {
      "kf_id": 3,
      "view": "right",
      "image": "frame_0003_right.jpg",
      "R_cw": [
        [
          -0.09154929694153204,
          0.010201705705113511,
          0.9957482871841746
        ],
        [
          -0.005439827830444965,
          0.9999274776316642,
          -0.010744661481537687
        ],
        [
          -0.9957856870344574,
          -0.006400365449251913,
          -0.09148716204708567
        ]
      ],
      "t_cw": [
        -0.005394368392712328,
        -0.0004888296707268781,
        -0.10781211834899304
      ],
      "K": [
        [
          128.00000000000003,
          0.0,
          128.0
        ],
        [
          0.0,
          128.00000000000003,
          128.0
        ],
        [
          0.0,
          0.0,
          1.0
        ]
      ],
      "width": 256,
      "height": 256,
      "fx": 128.00000000000003,
      "fy": 128.00000000000003,
      "cx": 128.0,
      "cy": 128.0
    },
    {
      "kf_id": 3,
      "view": "back",
      "image": "frame_0003_back.jpg",
      "R_cw": [
        [
          -0.9957856870344574,
          -0.006400365449251913,
          -0.0914871620470856
        ],
        [
          -0.005439827830444965,
          0.9999274776316642,
          -0.010744661481537687
        ],
        [
          0.09154929694153197,
          -0.010201705705113511,
          -0.9957482871841746
        ]
      ],
      "t_cw": [
        -0.005394368392712328,
        -0.0004888296707268781,
        -0.10781211834899304
      ],
      "K": [
        [
          128.00000000000003,
          0.0,
          128.0
        ],
        [
          0.0,
          128.00000000000003,
          128.0
        ],
        [
          0.0,
          0.0,
          1.0
        ]
      ],
      "width": 256,
      "height": 256,
      "fx": 128.00000000000003,
      "fy": 128.00000000000003,
      "cx": 128.0,
      "cy": 128.0
    },
    {
      "kf_id": 3,
      "view": "left",
      "image": "frame_0003_left.jpg",
      "R_cw": [
        [
          0.09154929694153191,
          -0.010201705705113513,
          -0.9957482871841746
        ],
        [
          -0.005439827830444965,
          0.9999274776316642,
          -0.010744661481537687
        ],
        [
          0.9957856870344574,
          0.0064003654492519125,
          0.09148716204708554
        ]
      ],
      "t_cw": [
        -0.005394368392712328,
        -0.0004888296707268781,
        -0.10781211834899304
      ],
      "K": [
        [
          128.00000000000003,
          0.0,
          128.0
        ],
        [
          0.0,
          128.00000000000003,
          128.0
        ],
        [
          0.0,
          0.0,
          1.0
        ]
      ],
      "width": 256,
      "height": 256,
      "fx": 128.00000000000003,
      "fy": 128.00000000000003,
      "cx": 128.0,
      "cy": 128.0
    },
    {
      "kf_id": 4,
      "view": "front",
      "image": "frame_0004_front.jpg",
      "R_cw": [
        [
          0.9993163652101136,
          -0.006001680286408412,
          -0.0364798856493085
        ],
        [
          0.005816425803470557,
          0.9999696561649404,
          -0.005182271726139389
        ],
        [
          0.03650988104773295,
          0.004966546396698461,
          0.9993209504472373
        ]
      ],
      "t_cw": [
        0.00926230853540338,
        -0.001446767028745141,
        -0.15155989728451436
      ],
      "K": [
        [
          128.00000000000003,
          0.0,
          128.0
        ],
        [
          0.0,
          128.00000000000003,
          128.0
        ],
        [
          0.0,
          0.0,
          1.0
        ]
      ],
      "width": 256,
      "height": 256,
      "fx": 128.00000000000003,
      "fy": 128.00000000000003,
      "cx": 128.0,
      "cy": 128.0
    },
    {
      "kf_id": 4,
      "view": "right",
      "image": "frame_0004_right.jpg",
      "R_cw": [
        [
          0.03650988104773301,
          0.004966546396698461,
          0.9993209504472373
        ],
        [
          0.005816425803470557,
          0.9999696561649404,
          -0.005182271726139389
        ],
        [
          -0.9993163652101136,
          0.006001680286408412,
          0.03647988564930856
        ]
      ],
      "t_cw": [
        0.00926230853540338,
        -0.001446767028745141,
        -0.15155989728451436
      ],
      "K": [
        [
          128.00000000000003,
          0.0,
          128.0
        ],
        [
          0.0,
          128.00000000000003,
          128.0
        ],
        [
          0.0,
          0.0,
          1.0
        ]
      ],
      "width": 256,
      "height": 256,
      "fx": 128.00000000000003,
      "fy": 128.00000000000003,
      "cx": 128.0,
      "cy": 128.0
    },
    {
      "kf_id": 4,
      "view": "back",
      "image": "frame_0004_back.jpg",
      "R_cw": [
        [
          -0.9993163652101136,
          0.006001680286408413,
          0.036479885649308624
        ],
        [
          0.005816425803470557,
          0.9999696561649404,
          -0.005182271726139389
        ],
        [
          -0.036509881047733075,
          -0.00496654639669846,
          -0.9993209504472373
        ]
      ],
      "t_cw": [
        0.00926230853540338,
        -0.001446767028745141,
        -0.15155989728451436
      ],
      "K": [
        [
          128.00000000000003,
          0.0,
          128.0
        ],
        [
          0.0,
          128.00000000000003,
          128.0
        ],
        [
          0.0,
          0.0,
          1.0
        ]
      ],
      "width": 256,
      "height": 256,
      "fx": 128.00000000000003,
      "fy": 128.00000000000003,
      "cx": 128.0,
      "cy": 128.0
    },
    {
      "kf_id": 4,
      "view": "left",
      "image": "frame_0004_left.jpg",
      "R_cw": [
        [
          -0.03650988104773313,
          -0.00496654639669846,
          -0.9993209504472373
        ],
        [
          0.005816425803470557,
          0.9999696561649404,
          -0.005182271726139389
        ],
        [
          0.9993163652101136,
          -0.006001680286408413,
          -0.03647988564930868
        ]
      ],
      "t_cw": [
        0.00926230853540338,
        -0.001446767028745141,
        -0.15155989728451436
      ],
      "K": [
        [
          128.00000000000003,
          0.0,
          128.0
        ],
        [
          0.0,
          128.00000000000003,
          128.0
        ],
        [
          0.0,
          0.0,
          1.0
        ]
      ],
      "width": 256,
      "height": 256,
      "fx": 128.00000000000003,
      "fy": 128.00000000000003,
      "cx": 128.0,
      "cy": 128.0
    },
    {
      "kf_id": 5,
      "view": "front",
      "image": "frame_0005_front.jpg",
      "R_cw": [
        [
          0.9916837575933661,
          -0.0035963240229372768,
          -0.12864832443146623
        ],
        [
          0.0021744904741106564,
          0.9999350161801799,
          -0.01119084482608143
        ],
        [
          0.12868021027601623,
          0.010818034491786192,
          0.9916271343670738
        ]
      ],
      "t_cw": [
        0.02213281580121859,
        -0.0006102461985705621,
        -0.1941011122416516
      ],
      "K": [
        [
          128.00000000000003,
          0.0,
          128.0
        ],
        [
          0.0,
          128.00000000000003,
          128.0
        ],
        [
          0.0,
          0.0,
          1.0
        ]
      ],
      "width": 256,
      "height": 256,
      "fx": 128.00000000000003,
      "fy": 128.00000000000003,
      "cx": 128.0,
      "cy": 128.0
    },
    {
      "kf_id": 5,
      "view": "right",
      "image": "frame_0005_right.jpg",
      "R_cw": [
        [
          0.12868021027601628,
          0.010818034491786192,
          0.9916271343670738
        ],
        [
          0.0021744904741106564,
          0.9999350161801799,
          -0.01119084482608143
        ],
        [
          -0.9916837575933661,
          0.0035963240229372776,
          0.1286483244314663
        ]
      ],
      "t_cw": [
        0.02213281580121859,
        -0.0006102461985705621,
        -0.1941011122416516
      ],
      "K": [
        [
          128.00000000000003,
          0.0,
          128.0
        ],
        [
          0.0,
          128.00000000000003,
          128.0
        ],
        [
          0.0,
          0.0,
          1.0
        ]
      ],
      "width": 256,
      "height": 256,
      "fx": 128.00000000000003,
      "fy": 128.00000000000003,
      "cx": 128.0,
      "cy": 128.0
    },
    {
      "kf_id": 5,
      "view": "back",
      "image": "frame_0005_back.jpg",
      "R_cw": [
        [
          -0.9916837575933661,
          0.003596324022937278,
          0.12864832443146634
        ],
        [
          0.0021744904741106564,
          0.9999350161801799,
          -0.01119084482608143
        ],
        [
          -0.12868021027601634,
          -0.010818034491786192,
          -0.9916271343670738
        ]
      ],
      "t_cw": [
        0.02213281580121859,
        -0.0006102461985705621,
        -0.1941011122416516
      ],
      "K": [
        [
          128.00000000000003,
          0.0,
          128.0
        ],
        [
          0.0,
          128.00000000000003,
          128.0
        ],
        [
          0.0,
          0.0,
          1.0
        ]
      ],
      "width": 256,
      "height": 256,
      "fx": 128.00000000000003,
      "fy": 128.00000000000003,
      "cx": 128.0,
      "cy": 128.0
    },
    {
      "kf_id": 5,
      "view": "left",
      "image": "frame_0005_left.jpg",
      "R_cw": [
        [
          -0.12868021027601642,
          -0.010818034491786192,
          -0.9916271343670738
        ],
        [
          0.0021744904741106564,
          0.9999350161801799,
          -0.01119084482608143
        ],
        [
          0.9916837575933661,
          -0.003596324022937279,
          -0.12864832443146643
        ]
      ],
      "t_cw": [
        0.02213281580121859,
        -0.0006102461985705621,
        -0.1941011122416516
      ],
      "K": [
        [
          128.00000000000003,
          0.0,
          128.0
        ],
        [
          0.0,
          128.00000000000003,
          128.0
        ],
        [
          0.0,
          0.0,
          1.0
        ]
      ],
      "width": 256,
      "height": 256,
      "fx": 128.00000000000003,
      "fy": 128.00000000000003,
      "cx": 128.0,
      "cy": 128.0
    },
    {
      "kf_id": 6,
      "view": "front",
      "image": "frame_0006_front.jpg",
      "R_cw": [
        [
          0.987126030101082,
          -0.0012388582789626874,
          -0.15993956961003195
        ],
        [
          0.0002813974543967786,
          0.9999819067957264,
          -0.00600890145165963
        ],
        [
          0.15994411996803845,
          0.005886536447499821,
          0.9871085184397418
        ]
      ],
      "t_cw": [
        0.026251724119142433,
        -0.0017854247492009123,
        -0.23638981819551838
      ],
      "K": [
        [
          128.00000000000003,
          0.0,
          128.0
        ],
        [
          0.0,
          128.00000000000003,
          128.0
        ],
        [
          0.0,
          0.0,
          1.0
        ]
      ],
      "width": 256,
      "height": 256,
      "fx": 128.00000000000003,
      "fy": 128.00000000000003,
      "cx": 128.0,
      "cy": 128.0
    },
    {
      "kf_id": 6,
      "view": "right",
      "image": "frame_0006_right.jpg",
      "R_cw": [
        [
          0.1599441199680385,
          0.005886536447499821,
          0.9871085184397418
        ],
        [
          0.0002813974543967786,
          0.9999819067957264,
          -0.00600890145165963
        ],
        [
          -0.987126030101082,
          0.0012388582789626878,
          0.159939569610032
        ]
      ],
      "t_cw": [
        0.026251724119142433,
        -0.0017854247492009123,
        -0.23638981819551838
      ],
      "K": [
        [
          128.00000000000003,
          0.0,
          128.0
        ],
        [
          0.0,
          128.00000000000003,
          128.0
        ],
        [
          0.0,
          0.0,
          1.0
        ]
      ],
      "width": 256,
      "height": 256,
      "fx": 128.00000000000003,
      "fy": 128.00000000000003,
      "cx": 128.0,
      "cy": 128.0
    },
    {
      "kf_id": 6,
      "view": "back",
      "image": "frame_0006_back.jpg",
      "R_cw": [
        [
          -0.987126030101082,
          0.001238858278962688,
          0.15993956961003206
        ],
        [
          0.0002813974543967786,
          0.9999819067957264,
          -0.00600890145165963
        ],
        [
          -0.15994411996803856,
          -0.005886536447499821,
          -0.9871085184397418
        ]
      ],
      "t_cw": [
        0.026251724119142433,
        -0.0017854247492009123,
        -0.23638981819551838
      ],
      "K": [
        [
          128.00000000000003,
          0.0,
          128.0
        ],
        [
          0.0,
          128.00000000000003,
          128.0
        ],
        [
          0.0,
          0.0,
          1.0
        ]
      ],
      "width": 256,
      "height": 256,
      "fx": 128.00000000000003,
      "fy": 128.00000000000003,
      "cx": 128.0,
      "cy": 128.0
    },
    {
      "kf_id": 6,
      "view": "left",
      "image": "frame_0006_left.jpg",
      "R_cw": [
        [
          -0.15994411996803864,
          -0.005886536447499821,
          -0.9871085184397418
        ],
        [
          0.0002813974543967786,
          0.9999819067957264,
          -0.00600890145165963
        ],
        [
          0.987126030101082,
          -0.0012388582789626885,
          -0.15993956961003214
        ]
      ],
      "t_cw": [
        0.026251724119142433,
        -0.0017854247492009123,
        -0.23638981819551838
      ],
      "K": [
        [
          128.00000000000003,
          0.0,
          128.0
        ],
        [
          0.0,
          128.00000000000003,
          128.0
        ],
        [
          0.0,
          0.0,
          1.0
        ]
      ],
      "width": 256,
      "height": 256,
      "fx": 128.00000000000003,
      "fy": 128.00000000000003,
      "cx": 128.0,
      "cy": 128.0
    },
    {
      "kf_id": 7,
      "view": "front",
      "image": "frame_0007_front.jpg",
      "R_cw": [
        [
          0.9891977048590636,
          -0.008492300749125919,
          -0.14634131859986577
        ],
        [
          0.006986530606731305,
          0.9999172669443562,
          -0.010800354466880824
        ],
        [
          0.146420931193741,
          0.009661267748875466,
          0.98917519722941
        ]
      ],
      "t_cw": [
        0.02220101286803292,
        -0.0007856154419510221,
        -0.2801258108190242
      ],
      "K": [
        [
          128.00000000000003,
          0.0,
          128.0
        ],
        [
          0.0,
          128.00000000000003,
          128.0
        ],
        [
          0.0,
          0.0,
          1.0
        ]
      ],
      "width": 256,
      "height": 256,
      "fx": 128.00000000000003,
      "fy": 128.00000000000003,
      "cx": 128.0,
      "cy": 128.0
    },
    {
      "kf_id": 7,
      "view": "right",
      "image": "frame_0007_right.jpg",
      "R_cw": [
        [
          0.14642093119374106,
          0.009661267748875466,
          0.98917519722941
        ],
        [
          0.006986530606731305,
          0.9999172669443562,
          -0.010800354466880824
        ],
        [
          -0.9891977048590636,
          0.008492300749125919,
          0.14634131859986582
        ]
      ],
      "t_cw": [
        0.02220101286803292,
        -0.0007856154419510221,
        -0.2801258108190242
      ],
      "K": [
        [
          128.00000000000003,
          0.0,
          128.0
        ],
        [
          0.0,
          128.00000000000003,
          128.0
        ],
        [
          0.0,
          0.0,
          1.0
        ]
      ],
      "width": 256,
      "height": 256,
      "fx": 128.00000000000003,
      "fy": 128.00000000000003,
      "cx": 128.0,
      "cy": 128.0
    },
    {
      "kf_id": 7,
      "view": "back",
      "image": "frame_0007_back.jpg",
      "R_cw": [
        [
          -0.9891977048590636,
          0.00849230074912592,
          0.14634131859986588
        ],
        [
          0.006986530606731305,
          0.9999172669443562,
          -0.010800354466880824
        ],
        [
          -0.1464209311937411,
          -0.009661267748875465,
          -0.98917519722941
        ]
      ],
      "t_cw": [
        0.02220101286803292,
        -0.0007856154419510221,
        -0.2801258108190242
      ],
      "K": [
        [
          128.00000000000003,
          0.0,
          128.0
        ],
        [
          0.0,
          128.00000000000003,
          128.0
        ],
        [
          0.0,
          0.0,
          1.0
        ]
      ],
      "width": 256,
      "height": 256,
      "fx": 128.00000000000003,
      "fy": 128.00000000000003,
      "cx": 128.0,
      "cy": 128.0
    },
    {
      "kf_id": 7,
      "view": "left",
      "image": "frame_0007_left.jpg",
      "R_cw": [
        [
          -0.1464209311937412,
          -0.009661267748875465,
          -0.98917519722941
        ],
        [
          0.006986530606731305,
          0.9999172669443562,
          -0.010800354466880824
        ],
        [
          0.9891977048590636,
          -0.00849230074912592,
          -0.14634131859986596
        ]
      ],
      "t_cw": [
        0.02220101286803292,
        -0.0007856154419510221,
        -0.2801258108190242
      ],
      "K": [
        [
          128.00000000000003,
          0.0,
          128.0
        ],
        [
          0.0,
          128.00000000000003,
          128.0
        ],
        [
          0.0,
          0.0,
          1.0
        ]
      ],
      "width": 256,
      "height": 256,
      "fx": 128.00000000000003,
      "fy": 128.00000000000003,
      "cx": 128.0,
      "cy": 128.0
    },
    {
      "kf_id": 8,
      "view": "front",
      "image": "frame_0008_front.jpg",
      "R_cw": [
        [
          0.9906056261678623,
          -0.0003972086403263007,
          -0.1367491704906232
        ],
        [
          -0.00028002059829290813,
          0.9999877931103895,
          -0.004933073958224689
        ],
        [
          0.1367494606681943,
          0.0049250234018563864,
          0.990593422727735
        ]
      ],
      "t_cw": [
        0.016706618699406563,
        -0.0025479969666601485,
        -0.32263422987811796
      ],
      "K": [
        [
          128.00000000000003,
          0.0,
          128.0
        ],
        [
          0.0,
          128.00000000000003,
          128.0
        ],
        [
          0.0,
          0.0,
          1.0
        ]
      ],
      "width": 256,
      "height": 256,
      "fx": 128.00000000000003,
      "fy": 128.00000000000003,
      "cx": 128.0,
      "cy": 128.0
    },
    {
      "kf_id": 8,
      "view": "right",
      "image": "frame_0008_right.jpg",
      "R_cw": [
        [
          0.13674946066819435,
          0.0049250234018563864,
          0.990593422727735
        ],
        [
          -0.00028002059829290813,
          0.9999877931103895,
          -0.004933073958224689
        ],
        [
          -0.9906056261678623,
          0.000397208640326301,
          0.13674917049062327
        ]
      ],
      "t_cw": [
        0.016706618699406563,
        -0.0025479969666601485,
        -0.32263422987811796
      ],
      "K": [
        [
          128.00000000000003,
          0.0,
          128.0
        ],
        [
          0.0,
          128.00000000000003,
          128.0
        ],
        [
          0.0,
          0.0,
          1.0
        ]
      ],
      "width": 256,
      "height": 256,
      "fx": 128.00000000000003,
      "fy": 128.00000000000003,
      "cx": 128.0,
      "cy": 128.0
    },
    {
      "kf_id": 8,
      "view": "back",
      "image": "frame_0008_back.jpg",
      "R_cw": [
        [
          -0.9906056261678623,
          0.0003972086403263013,
          0.13674917049062332
        ],
        [
          -0.00028002059829290813,
          0.9999877931103895,
          -0.004933073958224689
        ],
        [
          -0.1367494606681944,
          -0.0049250234018563864,
          -0.990593422727735
        ]
      ],
      "t_cw": [
        0.016706618699406563,
        -0.0025479969666601485,
        -0.32263422987811796
      ],
      "K": [
        [
          128.00000000000003,
          0.0,
          128.0
        ],
        [
          0.0,
          128.00000000000003,
          128.0
        ],
        [
          0.0,
          0.0,
          1.0
        ]
      ],
      "width": 256,
      "height": 256,
      "fx": 128.00000000000003,
      "fy": 128.00000000000003,
      "cx": 128.0,
      "cy": 128.0
    },
    {
      "kf_id": 8,
      "view": "left",
      "image": "frame_0008_left.jpg",
      "R_cw": [
        [
          -0.1367494606681945,
          -0.0049250234018563864,
          -0.990593422727735
        ],
        [
          -0.00028002059829290813,
          0.9999877931103895,
          -0.004933073958224689
        ],
        [
          0.9906056261678623,
          -0.0003972086403263016,
          -0.1367491704906234
        ]
      ],
      "t_cw": [
        0.016706618699406563,
        -0.0025479969666601485,
        -0.32263422987811796
      ],
      "K": [
        [
          128.00000000000003,
          0.0,
          128.0
        ],
        [
          0.0,
          128.00000000000003,
          128.0
        ],
        [
          0.0,
          0.0,
          1.0
        ]
      ],
      "width": 256,
      "height": 256,
      "fx": 128.00000000000003,
      "fy": 128.00000000000003,
      "cx": 128.0,
      "cy": 128.0
    },
    {
      "kf_id": 9,
      "view": "front",
      "image": "frame_0009_front.jpg",
      "R_cw": [
        [
          0.9949379356111318,
          0.003032946133712185,
          -0.10044553509046354
        ],
        [
          -0.003199537728323786,
          0.9999937602503318,
          -0.0014974707766291179
        ],
        [
          0.10044036658726697,
          0.0018112697623009816,
          0.9949414314730609
        ]
      ],
      "t_cw": [
        0.0027065476712469314,
        -0.0038276279632028383,
        -0.3654199059341009
      ],
      "K": [
        [
          128.00000000000003,
          0.0,
          128.0
        ],
        [
          0.0,
          128.00000000000003,
          128.0
        ],
        [
          0.0,
          0.0,
          1.0
        ]
      ],
      "width": 256,
      "height": 256,
      "fx": 128.00000000000003,
      "fy": 128.00000000000003,
      "cx": 128.0,
      "cy": 128.0
    },
    {
      "kf_id": 9,
      "view": "right",
      "image": "frame_0009_right.jpg",
      "R_cw": [
        [
          0.10044036658726703,
          0.0018112697623009818,
          0.9949414314730609
        ],
        [
          -0.003199537728323786,
          0.9999937602503318,
          -0.0014974707766291179
        ],
        [
          -0.9949379356111318,
          -0.003032946133712185,
          0.1004455350904636
        ]
      ],
      "t_cw": [
        0.0027065476712469314,
        -0.0038276279632028383,
        -0.3654199059341009
      ],
      "K": [
        [
          128.00000000000003,
          0.0,
          128.0
        ],
        [
          0.0,
          128.00000000000003,
          128.0
        ],
        [
          0.0,
          0.0,
          1.0
        ]
      ],
      "width": 256,
      "height": 256,
      "fx": 128.00000000000003,
      "fy": 128.00000000000003,
      "cx": 128.0,
      "cy": 128.0
    },
    {
      "kf_id": 9,
      "view": "back",
      "image": "frame_0009_back.jpg",
      "R_cw": [
        [
          -0.9949379356111318,
          -0.0030329461337121845,
          0.10044553509046367
        ],
        [
          -0.003199537728323786,
          0.9999937602503318,
          -0.0014974707766291179
        ],
        [
          -0.1004403665872671,
          -0.001811269762300982,
          -0.9949414314730609
        ]
      ],
      "t_cw": [
        0.0027065476712469314,
        -0.0038276279632028383,
        -0.3654199059341009
      ],
      "K": [
        [
          128.00000000000003,
          0.0,
          128.0
        ],
        [
          0.0,
          128.00000000000003,
          128.0
        ],
        [
          0.0,
          0.0,
          1.0
        ]
      ],
      "width": 256,
      "height": 256,
      "fx": 128.00000000000003,
      "fy": 128.00000000000003,
      "cx": 128.0,
      "cy": 128.0
    },
    {
      "kf_id": 9,
      "view": "left",
      "image": "frame_0009_left.jpg",
      "R_cw": [
        [
          -0.10044036658726715,
          -0.0018112697623009822,
          -0.9949414314730609
        ],
        [
          -0.003199537728323786,
          0.9999937602503318,
          -0.0014974707766291179
        ],
        [
          0.9949379356111318,
          0.0030329461337121845,
          -0.10044553509046372
        ]
      ],
      "t_cw": [
        0.0027065476712469314,
        -0.0038276279632028383,
        -0.3654199059341009
      ],
      "K": [
        [
          128.00000000000003,
          0.0,
          128.0
        ],
        [
          0.0,
          128.00000000000003,
          128.0
        ],
        [
          0.0,
          0.0,
          1.0
        ]
      ],
      "width": 256,
      "height": 256,
      "fx": 128.00000000000003,
      "fy": 128.00000000000003,
      "cx": 128.0,
      "cy": 128.0
    },
    {
      "kf_id": 10,
      "view": "front",
      "image": "frame_0010_front.jpg",
      "R_cw": [
        [
          0.997801023820663,
          -0.004460425072975879,
          -0.06613033699146634
        ],
        [
          0.004558763466040304,
          0.9999887160436761,
          0.0013362114281752799
        ],
        [
          0.06612363070867502,
          -0.001634745695347795,
          0.9978100987003561
        ]
      ],
      "t_cw": [
        -0.011246047712214798,
        -0.005355438928928086,
        -0.4079656252274028
      ],
      "K": [
        [
          128.00000000000003,
          0.0,
          128.0
        ],
        [
          0.0,
          128.00000000000003,
          128.0
        ],
        [
          0.0,
          0.0,
          1.0
        ]
      ],
      "width": 256,
      "height": 256,
      "fx": 128.00000000000003,
      "fy": 128.00000000000003,
      "cx": 128.0,
      "cy": 128.0
    },
    {
      "kf_id": 10,
      "view": "right",
      "image": "frame_0010_right.jpg",
      "R_cw": [
        [
          0.06612363070867508,
          -0.0016347456953477951,
          0.9978100987003561
        ],
        [
          0.004558763466040304,
          0.9999887160436761,
          0.0013362114281752799
        ],
        [
          -0.997801023820663,
          0.004460425072975879,
          0.06613033699146639
        ]
      ],
      "t_cw": [
        -0.011246047712214798,
        -0.005355438928928086,
        -0.4079656252274028
      ],
      "K": [
        [
          128.00000000000003,
          0.0,
          128.0
        ],
        [
          0.0,
          128.00000000000003,
